2 0.16333333333333333 0.45833333333333337 0.2366666666666667 0.25333333333333335
7 0.22583333333333336 0.3416666666666667 0.21833333333333335 0.17
9 0.5091666666666667 0.3891666666666667 0.26833333333333337 0.21500000000000002
5 0.375 0.5616666666666666 0.19 0.26333333333333336
16 0.41500000000000004 0.6308333333333334 0.2566666666666667 0.19166666666666668
15 0.6950000000000001 0.6375000000000001 0.31 0.2816666666666667
13 0.47000000000000003 0.8016666666666667 0.2833333333333333 0.24000000000000002
14 0.7983333333333333 0.3141666666666667 0.2833333333333333 0.19166666666666668
0 0.5375000000000001 0.17416666666666666 0.27166666666666667 0.195
10 0.7783333333333334 0.07583333333333334 0.3066666666666667 0.14833333333333334
12 0.26166666666666666 0.0775 0.23333333333333334 0.15166666666666667
11 0.36250000000000004 0.0825 0.12833333333333335 0.16166666666666668
